64 45 0 0
13 33 0 0
22 37 0 0
32 39 0 0
103 48 0 0
21 36 0 0
15 34 0 0
47 41 0 0
57 43 0 0
1 29 0 0
5 31 0 0
32 39 0 0
20 36 0 0
57 43 0 0
63 44 0 0
15 33 0 0
1 29 0 0
48 42 0 0
51 42 0 0
80 46 0 0
23 37 0 0
8 32 0 0
18 35 0 0
1 28 0 0
16 34 0 0
1 28 0 0
186 50 0 0
2 30 26 24
2 30 17 10
4 31 29 28
9 32 30 11
17 35 22 31
28 38 2 16
31 38 7 25
35 40 32 23
41 40 13 6
45 41 3 21
59 44 33 34
64 45 12 4
76 46 35 36
92 47 37 8
99 47 18 19
114 48 14 9
122 49 38 15
128 49 39 1
156 50 40 20
191 51 41 42
217 51 5 43
250 52 44 45
342 52 46 27
408 53 47 48
592 53 49 50
1000 0 51 52
