0 28 0 0
64 46 0 0
13 34 0 0
22 38 0 0
32 40 0 0
103 49 0 0
21 37 0 0
15 35 0 0
47 42 0 0
57 44 0 0
1 30 0 0
5 32 0 0
32 40 0 0
20 37 0 0
57 44 0 0
63 45 0 0
15 34 0 0
1 30 0 0
48 43 0 0
51 43 0 0
80 47 0 0
23 38 0 0
8 33 0 0
18 36 0 0
1 29 0 0
16 35 0 0
1 28 0 0
1 29 1 27
2 31 28 25
2 31 18 11
4 32 30 29
9 33 31 12
17 36 23 32
28 39 3 17
31 39 8 26
35 41 33 24
41 41 14 7
45 42 4 22
59 45 34 35
64 46 13 5
76 47 36 37
92 48 38 9
99 48 19 20
114 49 15 10
122 50 39 16
128 50 40 2
156 51 41 21
191 51 42 43
217 52 6 44
250 52 45 46
347 53 47 48
467 53 49 50
814 0 51 52
